0.100000
0.360000
0.921600
0.289014
0.821939
0.585421
0.970813
0.113339
0.401974
0.961563
0.147837
0.503924
0.999938
0.000246
0.000985
0.003936
0.015682
0.061745
0.231730
0.712124
0.820014
0.590364
0.967337
0.126384
0.441645
0.986379
0.053742
0.203415
0.648150
0.912207
0.320342
0.870893
0.449754
0.989902
0.039986
0.153548
0.519885
0.998418
0.006317
0.025107
0.097905
0.353278
0.913891
0.314778
0.862771
0.473588
0.997210
0.011130
0.044026
0.168351
0.560037
0.985582
0.056839
0.214434
0.673808
0.879163
0.424940
0.977464
0.088112
0.321393
0.872399
0.445277
0.988022
0.047339
0.180394
0.591407
0.966579
0.129216
0.450078
0.990031
0.039478
0.151678
0.514687
0.999137
0.003448
0.013746
0.054229
0.205155
0.652265
0.907262
0.336551
0.893138
0.381770
0.944087
0.211148
0.666258
0.889433
0.393367
0.954517
0.173656
0.573999
0.978096
0.085695
0.313406
0.860731
0.479493
0.998318
0.006718
0.026690
0.103909
正常に終了しました。
